44	1.0154
26	0.7950
27	0.7950
34	0.7950
35	0.7950
42	0.7950
46	0.7950
47	0.7950
48	0.7950
50	0.7950
53	0.6343
51	0.4022
24	0.4022
25	0.4022
37	0.4022
41	0.4022
43	0.4022
49	0.4022
36	0.2423
0	0.0000
1	0.0000
2	0.0000
3	0.0000
4	0.0000
5	0.0000
6	0.0000
7	0.0000
8	0.0000
9	0.0000
10	0.0000
11	0.0000
12	0.0000
13	0.0000
14	0.0000
15	0.0000
16	0.0000
17	0.0000
18	0.0000
19	0.0000
20	0.0000
21	0.0000
22	0.0000
23	0.0000
28	0.0000
29	0.0000
30	0.0000
31	0.0000
32	0.0000
33	0.0000
38	0.0000
39	0.0000
40	0.0000
45	0.0000
52	0.0000
54	0.0000
55	0.0000
56	0.0000
57	0.0000
58	0.0000
59	0.0000
60	0.0000
