41	0.8454
42	0.8454
44	0.8454
45	0.8454
48	0.8454
49	0.8454
51	0.8454
52	0.8454
20	0.8315
23	0.8315
34	0.8315
37	0.8315
0	0.2668
13	0.2668
14	0.2668
15	0.2668
54	0.2668
57	0.2668
58	0.2668
59	0.2668
1	0.0000
2	0.0000
3	0.0000
4	0.0000
5	0.0000
6	0.0000
7	0.0000
8	0.0000
9	0.0000
10	0.0000
11	0.0000
12	0.0000
16	0.0000
17	0.0000
18	0.0000
19	0.0000
21	0.0000
22	0.0000
24	0.0000
25	0.0000
26	0.0000
27	0.0000
28	0.0000
29	0.0000
30	0.0000
31	0.0000
32	0.0000
33	0.0000
35	0.0000
36	0.0000
38	0.0000
39	0.0000
40	0.0000
43	0.0000
46	0.0000
47	0.0000
50	0.0000
53	0.0000
55	0.0000
56	0.0000
60	0.0000
61	0.0000
62	0.0000
63	0.0000
