24	1.3184
36	1.3184
20	1.1586
37	1.1586
21	0.9966
25	0.9966
32	0.9966
54	0.9966
14	0.9923
15	0.9923
57	0.9923
58	0.9923
22	0.9576
35	0.9576
13	0.9444
59	0.9444
52	0.8727
41	0.8498
42	0.8498
44	0.8498
45	0.8498
48	0.8498
49	0.8498
51	0.8498
34	0.8324
0	0.5471
4	0.4237
33	0.4237
23	0.4180
53	0.1257
55	0.1257
1	0.0000
2	0.0000
3	0.0000
5	0.0000
6	0.0000
7	0.0000
8	0.0000
9	0.0000
10	0.0000
11	0.0000
12	0.0000
16	0.0000
17	0.0000
18	0.0000
19	0.0000
26	0.0000
27	0.0000
28	0.0000
29	0.0000
30	0.0000
31	0.0000
38	0.0000
39	0.0000
40	0.0000
43	0.0000
46	0.0000
47	0.0000
50	0.0000
56	0.0000
60	0.0000
61	0.0000
62	0.0000
63	0.0000
