0	0.8631
1	0.8631
2	0.8631
3	0.8631
21	0.8631
22	0.8631
24	0.8631
26	0.8631
29	0.8631
31	0.8631
33	0.8631
34	0.8631
36	0.8631
45	0.8631
49	0.8631
50	0.8631
51	0.8631
52	0.8631
4	0.0000
5	0.0000
6	0.0000
7	0.0000
8	0.0000
9	0.0000
10	0.0000
11	0.0000
12	0.0000
13	0.0000
14	0.0000
15	0.0000
16	0.0000
17	0.0000
18	0.0000
19	0.0000
20	0.0000
23	0.0000
25	0.0000
27	0.0000
28	0.0000
30	0.0000
32	0.0000
35	0.0000
37	0.0000
38	0.0000
39	0.0000
40	0.0000
41	0.0000
42	0.0000
43	0.0000
44	0.0000
46	0.0000
47	0.0000
48	0.0000
53	0.0000
54	0.0000
55	0.0000
56	0.0000
57	0.0000
58	0.0000
59	0.0000
60	0.0000
61	0.0000
62	0.0000
63	0.0000
