20	1.2031
37	1.2031
21	0.9791
22	0.9791
24	0.9791
25	0.9791
32	0.9791
35	0.9791
36	0.9791
54	0.9791
13	0.9687
14	0.9687
15	0.9687
57	0.9687
58	0.9687
59	0.9687
52	0.9052
41	0.8836
42	0.8836
44	0.8836
45	0.8836
48	0.8836
49	0.8836
51	0.8836
23	0.4472
34	0.4472
0	0.1350
53	0.1350
55	0.1350
1	0.0000
2	0.0000
3	0.0000
4	0.0000
5	0.0000
6	0.0000
7	0.0000
8	0.0000
9	0.0000
10	0.0000
11	0.0000
12	0.0000
16	0.0000
17	0.0000
18	0.0000
19	0.0000
26	0.0000
27	0.0000
28	0.0000
29	0.0000
30	0.0000
31	0.0000
33	0.0000
38	0.0000
39	0.0000
40	0.0000
43	0.0000
46	0.0000
47	0.0000
50	0.0000
56	0.0000
60	0.0000
61	0.0000
62	0.0000
63	0.0000
